19.05
14.92
7.39
4.6
2.2
60000
1
1
1
60000
5950
4235
2030
1310
11540
16540
1785
19620
2620
16890
1780
52225
3100
1
1
1
1
1
1
9750
6395
4920
4020
30000
35000
43400
4705
2945
1355
345
6315
10890
13090
15100
1780
1160
620
330
210
1305
188210
25000
166540
17090
94870
17090
247500
94835
80965
13500
9000
1
1
1
1
1
261115
174065
22380
24615
1
16785
19580
22380
22440
2.8
9990
5595
15420
545
305
175
55670
15350
1000
670
270
145
4995
755
465
12375
710
480
180
3330
19050
28730
1900
5210
6515
13.03
9580
4755
7471
11181
15930
19346
21026
24095
28817
35621
57661
10167
7471
320
7738
1.07
2722
2722
5100
2722
2375
17169
8806
5096
2722
2375
508
3630
460
7817
15.63
4315
3579
540
12000
10000
2660
1772
240
143
461
2106
665
498
420
338
3177
2678
2347
1354
338
778
338
307
143
29
24
11
338
892
2660
4028
892
35
518
9000
2795
8390
9230
10070
10905
555
490
415
345
13220
5295
275
11750
12590
640
560
5550
1
1
80000
80000
5950
11540
1120
320
1120
320
4245
6280
8490
1660
